0.000000000000000000e+00 6.000143289566040039e-01 5.203261375427246094e-01 4.805182218551635742e-01 5.216381549835205078e-01 5.358291864395141602e-01
6.000143289566040039e-01 0.000000000000000000e+00 5.674716830253601074e-01 4.585586786270141602e-01 4.398746490478515625e-01 4.040613770484924316e-01
5.203261375427246094e-01 5.674716830253601074e-01 0.000000000000000000e+00 5.666643381118774414e-01 4.920181632041931152e-01 4.125693440437316895e-01
4.805182218551635742e-01 4.585586786270141602e-01 5.666643381118774414e-01 0.000000000000000000e+00 5.704629421234130859e-01 4.686860442161560059e-01
5.216381549835205078e-01 4.398746490478515625e-01 4.920181632041931152e-01 5.704629421234130859e-01 0.000000000000000000e+00 6.406537890434265137e-01
5.358291864395141602e-01 4.040613770484924316e-01 4.125693440437316895e-01 4.686860442161560059e-01 6.406537890434265137e-01 0.000000000000000000e+00
